count 80
1307 2.55
1186 2.55
0823 2.55
0821 2.55
0802 2.55
1327 0.55
1324 0.55
1322 0.55
1321 0.55
1313 0.55
1309 0.55
1300 0.55
1295 0.55
1285 0.55
1279 0.55
1276 0.55
1274 0.55
1273 0.55
1268 0.55
1253 0.55
1252 0.55
1241 0.55
1240 0.55
1239 0.55
1236 0.55
1231 0.55
1230 0.55
1229 0.55
1209 0.55
1208 0.55
1205 0.55
1204 0.55
1203 0.55
1199 0.55
1193 0.55
1192 0.55
1185 0.55
1180 0.55
1142 0.55
1134 0.55
1110 0.55
1109 0.55
1108 0.55
1104 0.55
1034 0.55
1032 0.55
1023 0.55
1019 0.55
1009 0.55
1007 0.55
1006 0.55
1005 0.55
1004 0.55
0999 0.55
0994 0.55
0989 0.55
0987 0.55
0985 0.55
0984 0.55
0983 0.55
0981 0.55
0967 0.55
0963 0.55
0961 0.55
0908 0.55
0898 0.55
0897 0.55
0896 0.55
0888 0.55
0880 0.55
0865 0.55
0859 0.55
0854 0.55
0833 0.55
0827 0.55
0824 0.55
0816 0.55
0793 0.55
0785 0.55
0780 0.55
